Number TruSkill KC
000 25.0474476028 1
001 20.4979853718 5
002 16.7316498641 8
003 19.1897657146 8
004 17.8863989147 5
005 12.3088748885 10
006 18.1490902166 5
007 14.3569669688 3
008 14.736930271 8
009 24.2785017622 8
010 20.8059075092 12
011 25.5919701185 6
012 19.389428398 14
013 34.6992246736 14
014 21.5050164811 13
015 25.8237734155 8
016 19.6276781898 12
017 26.7831758168 10
018 20.9256912144 10
019 25.0 8
020 16.2358388548 14
022 27.7030516417 9
023 21.9391783824 10
024 19.2076573332 10
025 29.6953898428 8
026 22.3639139205 14
027 27.5127919854 8
029 31.5402587305 14
030 26.0815889233 13
031 22.4463041265 10
032 20.4606516047 7
033 30.6965350943 12
034 33.3389855985 10
035 25.1573955553 12
036 15.418592882 7
037 28.7310719445 13
038 26.0670076517 3
039 25.689053132 6
040 24.5666635402 14
041 29.3814164694 14
043 34.0449395594 14
044 31.1764888607 12
045 22.6036015028 12
046 28.5473366506 12
047 14.5099401601 10
048 25.2603165105 10
049 35.7483484918 12
050 16.9764736675 14
051 20.4705443369 12
052 19.4123121173 10
053 30.2366082616 15
054 10.2374931402 7
055 22.803332353 6
056 12.3560237805 7
057 26.8673115458 10
058 30.4571269459 14
059 24.3630968264 10
060 25.3285597058 12
061 24.1088612387 13
062 31.5915849243 10
063 25.0 4
064 19.4743196923 5
065 18.3864939227 10
066 27.7462223038 14
067 34.7120497789 14
068 26.2271722808 9
069 29.5930333625 15
070 23.4350175329 11
071 28.7353043644 9
072 15.2456412874 5
073 14.1606446881 3
074 28.1569014008 13
075 15.8961600603 8
076 36.0472577344 11
077 14.7023656776 9
078 28.5732473659 9
079 18.024064496 5
080 20.9150565682 14
083 29.2612850726 14
084 24.7855582359 12
086 32.8976093418 14
087 36.6404215579 15
088 15.2472079223 9
089 22.272616078 10
090 18.4667328882 13
091 21.4496525689 10
092 30.9391242349 14
093 21.926540619 15
094 29.9437862936 11
095 26.4399945577 6
096 17.3692259904 13
100 25.6773464964 13
102 35.719928861 9
103 22.3215934053 12
104 27.9130017182 11
105 24.2142849408 11
107 31.3914673915 14
108 30.178037692 11
109 20.5664200074 11
110 32.7315830047 9
111 18.3967060198 7
112 30.4944508584 14
116 28.3368771368 12
118 28.3680907469 13
119 22.004274522 12
120 20.0478492002 10
121 19.6597038862 11
123 21.5416242285 12
124 19.2227865747 13
125 31.5548397756 14
126 19.6804355139 9
127 15.9306648343 6
128 13.2718939985 7
129 29.3013665506 12
130 19.266478406 14
131 33.7805733203 14
132 27.2457195174 13
134 17.1234854973 11
135 18.0276590385 11
136 25.5278465253 10
137 25.0 12
139 32.5186763612 14
143 23.8405507229 14
144 20.8322640254 10
145 27.342010884 12
146 19.7772567426 7
147 22.3907989752 10
148 27.7150459777 14
150 24.2708151918 10
151 19.5839850163 11
152 20.1050794276 14
153 19.9371646265 12
154 28.6958570685 14
155 27.8135173815 10
159 20.4804536311 12
160 21.500446621 13
164 26.2370620035 15
166 29.9504839269 11
167 32.8835874445 14
174 29.7893743831 14
176 21.8124167341 13
178 26.0004193524 15
180 19.964408282 15
182 23.7950926826 11
183 18.7080983048 14
184 24.9524694754 15
186 30.4885014776 15
190 25.0428044354 14
191 14.7279772954 12
192 17.6740157323 7
193 25.9574541388 13
194 27.8052661615 12
195 20.8549369558 12
196 33.5070546429 13
198 14.3529354771 11
199 19.6186129417 11
200 23.2774448163 3
201 23.7402622698 6
202 31.5739554205 12
203 22.9776998663 10
204 24.5035702548 9
205 24.9891208423 12
206 38.8208215016 9
207 17.1394472425 7
208 32.3197755672 10
209 31.0218339849 15
210 22.0587796568 12
211 20.6041884628 13
212 30.4704610483 12
214 26.4822468093 13
215 22.4602560546 14
216 16.2224875777 7
217 15.7983754205 6
218 28.6181347502 10
219 16.687916968 4
220 27.2678795792 13
221 23.1698980746 12
222 21.0831811541 9
223 14.6382812743 6
224 25.0033439174 15
228 17.1787876077 13
230 31.2100125338 11
231 12.9562571031 14
232 29.131123461 11
233 26.4576967244 14
234 33.3643192842 14
236 32.8390705679 11
237 24.9542471037 14
238 23.117193583 7
239 12.3242907367 10
240 26.5883356698 15
244 34.5439794763 13
246 23.2316029767 14
247 26.4199235202 14
248 26.2256880359 11
249 22.0752862307 14
250 29.2335896909 14
251 20.5679447832 12
252 27.9099795101 14
253 24.1979486551 14
254 17.1056179596 7
255 16.6326519333 8
256 18.8118340882 7
257 17.0358546182 8
258 34.2791490337 14
259 28.0068714969 15
260 16.1547782357 11
261 35.8798703616 14
262 15.4502476368 13
263 21.5218461199 11
264 20.9928690119 14
265 29.7140000055 15
267 24.2885135424 14
272 36.1013940588 10
273 23.2559759563 8
274 31.675710678 14
275 31.2078169098 12
277 32.3911433764 14
278 25.0 14
279 32.6655914152 12
280 35.22987138 14
281 37.1476191972 12
283 29.7707504244 14
288 17.8702874869 5
289 23.6922080467 10
290 32.2107262701 12
291 18.3351040124 14
292 12.3695833348 3
293 23.9355124302 9
294 13.8007079018 5
295 27.3829358318 7
296 21.4161768 14
297 27.8199600164 14
299 24.3267342805 12
300 26.9946385189 12
301 24.3878575274 12
302 32.3626745949 14
303 22.1943090585 10
304 25.7437163426 8
305 28.8601440918 10
306 20.5002072747 12
307 25.4567527632 10
308 29.2325279821 10
309 32.8869076875 12
310 21.9278195719 5
311 28.342549854 4
312 17.6662615222 12
313 27.2129019913 12
315 24.1760678547 14
316 25.0457528963 11
317 25.6364191806 12
318 25.3851239152 13
319 18.4384332836 8
320 21.5379264778 11
321 22.1537379232 14
325 18.3983461483 15
327 19.2160059805 15
328 21.553478212 13
329 21.5666984261 11
333 12.2811680537 15
335 29.750161442 13
337 34.1045299281 14
344 28.6190746748 14
345 31.6857623983 12
351 20.0667794866 14
352 15.3003995348 11
356 14.4834591609 9
357 18.7703968195 14
358 20.1002454668 11
359 24.6477178132 13
360 25.976978707 11
361 32.684904926 9
363 25.5788668298 14
364 17.3407967167 9
365 16.6936761592 7
366 23.696520366 11
367 17.4280164335 9
368 29.0241659804 14
372 35.66155415 14
374 24.1894105105 11
375 25.6091885189 10
376 19.1064995551 12
377 27.1310860735 12
379 26.4275693655 14
380 23.0801110076 13
381 19.7839523564 14
382 17.8506087669 11
383 13.7535152118 8
384 19.6879636188 5
385 24.5341892121 10
386 22.8250416391 14
387 27.4286187445 14
388 34.4264462062 11
390 16.4230672514 11
391 30.4611028107 9
392 26.3737421913 12
393 18.0472431214 14
395 37.2663662961 12
399 25.0 14
400 23.9669188488 8
401 28.4122561846 10
402 15.9354241775 12
403 27.2179694633 12
404 29.4424069511 14
406 16.6949641079 12
407 26.8275656211 12
408 29.2218094466 12
409 31.6181426889 10
411 22.1019034275 14
415 23.9768126672 14
416 15.6615084107 5
417 22.8319061169 11
418 33.1527851578 14
419 25.9310022403 14
420 20.3702491462 9
421 23.3641687317 14
422 27.4174031659 9
423 15.6057361507 9
424 23.7793775201 14
425 31.5074353126 14
427 23.174850385 12
428 36.9815161928 14
431 19.1040746406 14
432 20.524035894 5
433 22.1443172613 10
434 17.6974419044 10
435 22.335686878 12
436 21.0428248299 7
437 34.7173682777 13
438 15.9102362151 3
439 23.675775752 6
440 24.3848993218 10
441 19.6119585069 12
443 18.8367589945 10
444 22.3578275194 14
445 16.6753755013 14
446 15.8306518694 9
447 13.5955657544 6
448 14.2586604028 3
449 19.3578532826 9
450 25.3482653947 12
451 21.0689386627 12
452 22.0255898736 9
453 24.8125411223 14
454 20.0047200813 9
455 19.2428730163 7
456 14.8454021325 5
457 12.6888735607 7
458 23.2469782816 14
459 34.3130798701 10
460 29.2854424557 11
461 22.1620771433 13
462 29.3958115372 11
463 22.6939221159 9
464 16.4224754413 10
465 32.4541704807 12
466 21.017883738 11
467 25.0 12
468 31.5373958594 14
470 26.7532077837 13
471 20.3390004171 14
472 21.0564100397 5
473 25.2243196688 4
474 15.9874154935 13
475 20.5240094224 8
476 29.348985263 11
477 17.8066417145 10
478 23.0785908796 11
479 12.772154908 8
480 23.3761324749 9
481 27.6238114655 14
482 33.2531718956 14
484 28.6788265291 7
485 22.6788233038 13
486 19.4045023274 7
487 20.1843955288 10
488 22.4535926112 9
489 14.7955835055 9
491 23.3574740474 14
492 28.7630851081 7
493 21.5948950339 10
494 30.6217694179 9
495 15.5445749837 11
496 19.9001621073 7
497 14.3622622382 13
498 26.8023854443 14
499 21.4927043306 14
500 17.0394211194 5
501 22.8669903102 11
502 12.5343790793 7
503 21.342094394 8
504 15.1507650657 3
505 18.92999499 6
506 12.1826473953 9
507 15.2060095574 6
508 14.822210508 7
509 13.1981004911 8
510 11.4163233088 5
511 13.1306182592 1
